1 10 20
100 200 125
201 210 89
900 1000 174
10 10 7
50 50 25
10 30 112
1000 1007 143
1 1 1
70 85 116
140 200 125
780 900 179
301 304 43
760 720 140
1000 1015 143
5004 5043 135
901 560 179
560 901 179
901 901 55
3080 3082 155
3500 3750 238
3750 3750 176
3750 3500 238
2150 2154 108
23 27 112
27 23 112
3006 4006 238
787 904 179
2021 2022 64
5 8 17
9999 3456 262
154 154 24
9899 9900 97
4532 4532 65
4500 4532 184
4532 4500 184
23 25 24
25 23 24
98 81 119
81 98 119
1555 1659 167
1659 1555 167
1659 1659 43
787 787 60
87043 88001 333
88001 87043 333
88001 88001 72
88004 88001 196
75000 7250 340
7250 75000 340
75000 75000 51
123 321 131
12345 54321 340
12345 12345 51
54321 54321 40
54321 12345 340
321 123 131
123 123 47
321 321 25
789 987 179
987 987 37
987 789 179
544 445 142
445 445 72
544 544 18
109 901 179
9111 1119 262
9111 9111 61
9420 4209 262
2 2 2
7 7 17
100 100 26
150 150 16
200 200 27
200 150 125
150 200 125
99 100 26
100 99 26
99 99 26
23 27 112
27 23 112
23 23 16
27 27 112
800 10000 262
10000 800 262
800 800 29
10000 10000 30
1 999 179
999 1 179
11 11 15
111 111 70
1111 1111 32
1112 1111 45
120 100 114
100 120 114
122 122 21
221 221 115
221 122 125
122 221 125
758 857 153
857 758 153
888 888 73
758 758 60
857 857 29
999 5 179
28 28 19
82 82 111
1799 1799 69
1971 1971 25
1998 1998 51
8991 8991 141
